structure(list(savedSendData = structure(c(7.03191689357618, 
7.06649378388424, 3.91777581752653, 6.59732106087599, 9.09400699784719, 
5.18512533744797, 5.2795675657809, 8.26473663507316, 5.51853005069857, 
6.57456989285304, 7.97182782603681, 5.56045225017615, 6.57620910466083, 
8.76978953880046, 5.84941072803405, 5.94523646947594, 8.5927016157529, 
6.85505305561516, 6.83660092753208, 9.60862863783924, 5.35669730327624, 
7.0992427053591, 9.18176505541949, 6.59643335442827, 7.4984500687021, 
11.7429838861747, 7.38095160346418, 6.46109112761608, 9.37266773094689, 
7.41760706129322, 7.53644457408187, 9.47605348422417, 6.40599926776041, 
7.06057048926774, 12.004580923464, 6.02260319705994, 6.89419230041057, 
9.58788965133891, 5.84225192543222, 13.3940355832844, 10.802325763958, 
7.0357596404244, 11.1996241453401, 10.5348870559161, 7.19423474183018, 
9.4293418915872, 10.3563878560035, 6.34265134994046), .Dim = c(3L, 
16L)), savedRecvData = structure(c(14.6498224081776, 9.61803322925409, 
9.39512786369825, 13.0974554638162, 13.4107840875554, 9.82893022389129, 
13.7099132142696, 18.3224736718228, 9.99752292835933, 15.9997184364073, 
22.5610279582251, 7.42843670157296, 18.3782686062912, 31.2762300518326, 
8.35812662991945, 20.6365098057986, 32.5743474418483, 6.55853746568428, 
22.8106230580737, 32.4054933133812, 5.77357839260395, 23.9018626756581, 
37.7314000165232, 5.88485122653251, 45.9688144525979, 52.7722844843474, 
5.74806746433034, 22.9411969780697, 60.64132059396, 6.60046531148877, 
24.0738574918559, 72.6259660371321, 7.20645070242771, 30.0923880630054, 
73.222671008065, 6.37722932097953, 28.0301975540822, 87.3224535033503, 
6.18521504620759, 35.0596047897102, 75.4406123799417, 6.04526620518583, 
33.8285499514477, 96.9970369784406, 6.92851303366749, 34.553103081727, 
107.042426018581, 6.38345123638121), .Dim = c(3L, 16L)), savedSendDataError = structure(c(2.38736357785044, 
1.35053560287739, 0.141239533623595, 1.58938640443447, 2.25640705322024, 
1.28477186004917, 0.731474161247733, 1.24711053921351, 1.16567552430333, 
1.13906023065773, 1.06212632893336, 1.02606136618471, 0.996642776616889, 
1.12366648651706, 0.991454011150208, 0.604678155232655, 0.966458123029381, 
1.10235916238536, 0.798254137024413, 1.05633261584922, 0.65305684631586, 
0.783520696383863, 0.904796564618246, 0.892466298763926, 0.904856118950102, 
1.39891790609636, 1.18484698852784, 0.509798311804138, 0.862255244302421, 
1.02580815651941, 0.797277883460286, 0.854032228449828, 0.799212544809943, 
0.637425008116, 1.24951927333995, 0.671735009978094, 0.681306934929931, 
0.830294088641975, 0.656279176324004, 8.36289107042778, 1.07976252238902, 
0.955243120363291, 4.53904201106008, 0.998265733161404, 0.943995927688778, 
2.16259212533051, 0.937352617103889, 0.707050001298768), .Dim = c(3L, 
16L)), savedRecvDataError = structure(c(3.75724808994165, 4.88172722186033, 
3.30232603464185, 1.96446529871289, 2.29341224634892, 2.80450914056928, 
1.72523523351877, 3.43673908776851, 2.04629612815255, 1.87553153862723, 
2.31743179139219, 1.39026339400926, 2.07086569202014, 2.84472345660841, 
1.45334085070993, 1.92316323392158, 2.53259651294516, 0.994080636816846, 
1.9018004047657, 2.60208939644477, 0.784363764362397, 1.69627632710076, 
2.18309755936939, 0.78749003050573, 5.14480570939153, 4.0150491763272, 
0.779374201644846, 1.41519226795069, 3.37055833713676, 0.992428912666519, 
1.36184423835847, 4.09696665004217, 1.03959812414864, 1.93743561796671, 
2.97831041049983, 0.873162174957889, 2.27814379514439, 4.57512972774655, 
0.898205345697136, 2.49715131539434, 3.077332509231, 0.818022765083632, 
2.48574762745127, 4.02944808827005, 1.01436817436743, 1.93483775066862, 
4.54080005894649, 0.904295105157473), .Dim = c(3L, 16L))), .Names = c("savedSendData", 
"savedRecvData", "savedSendDataError", "savedRecvDataError"))
